3.000000000000000000e+03
2.820000000000000000e+03
2.200000000000000000e+03
1.990000000000000000e+03
1.160000000000000000e+03
1.120000000000000000e+03
1.070000000000000000e+03
1.240000000000000000e+03
1.030000000000000000e+03
1.040000000000000000e+03
1.070000000000000000e+03
1.020000000000000000e+03
1.040000000000000000e+03
1.020000000000000000e+03
1.060000000000000000e+03
1.030000000000000000e+03
1.050000000000000000e+03
1.030000000000000000e+03
1.040000000000000000e+03
1.040000000000000000e+03
9.100000000000000000e+02
6.100000000000000000e+02
3.800000000000000000e+02
2.600000000000000000e+02
1.700000000000000000e+02
1.600000000000000000e+02
1.300000000000000000e+02
3.000000000000000000e+02
1.300000000000000000e+02
9.000000000000000000e+01
1.000000000000000000e+02
1.800000000000000000e+02
1.100000000000000000e+02
1.200000000000000000e+02
1.000000000000000000e+02
5.000000000000000000e+01
5.000000000000000000e+01
1.900000000000000000e+02
1.100000000000000000e+02
7.000000000000000000e+01
9.000000000000000000e+01
7.000000000000000000e+01
9.000000000000000000e+01
6.000000000000000000e+01
6.000000000000000000e+01
6.000000000000000000e+01
5.000000000000000000e+01
1.100000000000000000e+02
5.000000000000000000e+01
3.000000000000000000e+01
4.000000000000000000e+01
