-1.151859760534307861e+04
-8.474933073260466699e+03
-6.323534403407000354e+03
-5.639110289309957807e+03
-4.680242271314363279e+03
-4.281575730232295427e+03
-3.954691211338590620e+03
-3.667384952697716926e+03
-3.177050306693797666e+03
-2.927844758302620448e+03
-2.676698107667491968e+03
-2.467936391497377372e+03
-2.178473652714083983e+03
-1.882716047386259106e+03
-1.665299644673876855e+03
-1.436890904606760159e+03
-1.240841788121578702e+03
-9.621876012827295881e+02
-7.580289866291609542e+02
-5.851291664411330657e+02
-4.212408029038880386e+02
-3.322088859498387023e+02
-2.677799993589574115e+02
-2.437538774508012409e+02
-2.453325204121414060e+02
-2.343616479065508713e+02
-2.389768351373193980e+02
-2.616282258205798144e+02
-2.344763444902874596e+02
-2.354771969316621778e+02
-2.403441198011101392e+02
-2.455104490636703645e+02
-2.396996752619853339e+02
-2.350704169373897514e+02
-2.351495566143949532e+02
-2.341084356778571589e+02
-2.329219972536598675e+02
-2.696523406218284435e+02
-2.306421784504904622e+02
-2.342262630939077326e+02
-2.441867506982340785e+02
-2.432491586792119733e+02
-2.427005644082305764e+02
-2.408424362337738955e+02
-2.382578095338778894e+02
-2.340486772838306138e+02
-2.340404696307293477e+02
-2.382574093346093207e+02
-2.325153253555113224e+02
-2.343078015189107361e+02
-2.334903364479105937e+02
