0.000000000000000000e+00
3.841874542459709119e+02
4.000000000000000000e+02
4.998999899979995121e+02
3.666060555964671721e+02
3.249615361854384332e+02
2.551470164434614674e+02
4.270831300812524205e+02
1.705872210923197940e+02
1.959591794226542447e+02
2.551470164434614674e+02
1.400000000000000000e+02
1.959591794226542447e+02
1.400000000000000000e+02
2.374868417407583365e+02
1.705872210923197940e+02
2.179449471770336686e+02
1.705872210923197940e+02
1.959591794226542447e+02
4.223742416388575407e+02
4.264973622427224313e+02
5.458021619598075631e+02
5.055689863905815287e+02
4.386342439892261496e+02
3.756327994198589408e+02
3.666060555964671721e+02
3.363034344160047340e+02
5.385164807134503917e+02
3.363034344160047340e+02
2.861817604250836666e+02
3.000000000000000000e+02
4.093897898091744310e+02
3.128897569432402861e+02
3.249615361854384332e+02
3.000000000000000000e+02
2.179449471770336686e+02
2.179449471770336686e+02
4.958830507286975262e+02
3.128897569432402861e+02
2.551470164434614674e+02
2.861817604250836666e+02
2.551470164434614674e+02
2.861817604250836666e+02
2.374868417407583365e+02
2.374868417407583365e+02
2.374868417407583365e+02
2.179449471770336686e+02
3.128897569432402861e+02
2.179449471770336686e+02
1.705872210923197940e+02
2.598076211353316012e+02
