0.000000000000000000e+00
6.896375859826666783e+02
7.809609465267773203e+02
7.961783719745218377e+02
7.152621896899066769e+02
7.727224598780600218e+02
6.633249580710800046e+02
5.874521257089807023e+02
5.701754116059372564e+02
5.141984052872976463e+02
4.974937185533099751e+02
5.595533933415111960e+02
5.075431016179808239e+02
4.270831300812524205e+02
5.268775948927795980e+02
4.707440918375928049e+02
5.771481612203230043e+02
5.196152422706632024e+02
4.828043081829324592e+02
5.000000000000000000e+02
5.458021619598075631e+02
4.208325082500162466e+02
3.316624790355400023e+02
3.666060555964671721e+02
4.472135954999579326e+02
3.000000000000000000e+02
3.433656942677878874e+02
3.469870314579494561e+02
3.923009049186605921e+02
4.000000000000000000e+02
4.242640687119285303e+02
3.363034344160047340e+02
3.059411708155670908e+02
3.363034344160047340e+02
2.179449471770336686e+02
3.544009029333869876e+02
2.551470164434614674e+02
2.861817604250836666e+02
1.959591794226542447e+02
2.712931993250107325e+02
2.861817604250836666e+02
1.705872210923197940e+02
1.400000000000000000e+02
3.059411708155670908e+02
2.179449471770336686e+02
2.712931993250107325e+02
2.179449471770336686e+02
2.861817604250836666e+02
3.059411708155670908e+02
2.374868417407583365e+02
2.416609194718914466e+02
2.179449471770336686e+02
1.959591794226542447e+02
1.959591794226542447e+02
2.374868417407583365e+02
9.949874371066199785e+01
9.949874371066199785e+01
1.400000000000000000e+02
9.949874371066199785e+01
1.705872210923197940e+02
1.705872210923197940e+02
1.705872210923197940e+02
1.705872210923197940e+02
0.000000000000000000e+00
0.000000000000000000e+00
9.949874371066199785e+01
9.949874371066199785e+01
1.705872210923197940e+02
1.400000000000000000e+02
9.949874371066199785e+01
9.949874371066199785e+01
0.000000000000000000e+00
1.400000000000000000e+02
1.959591794226542447e+02
1.400000000000000000e+02
0.000000000000000000e+00
9.949874371066199785e+01
1.400000000000000000e+02
1.400000000000000000e+02
1.705872210923197940e+02
9.949874371066199785e+01
1.959591794226542447e+02
9.949874371066199785e+01
9.949874371066199785e+01
9.949874371066199785e+01
9.949874371066199785e+01
0.000000000000000000e+00
9.949874371066199785e+01
1.400000000000000000e+02
1.400000000000000000e+02
1.400000000000000000e+02
9.949874371066199785e+01
1.705872210923197940e+02
0.000000000000000000e+00
0.000000000000000000e+00
1.705872210923197940e+02
9.949874371066199785e+01
1.400000000000000000e+02
2.215851980616033927e+02
1.400000000000000000e+02
1.705872210923197940e+02
9.949874371066199785e+01
1.705872210923197940e+02
9.949874371066199785e+01
0.000000000000000000e+00
1.705872210923197940e+02
1.705872210923197940e+02
1.705872210923197940e+02
1.400000000000000000e+02
1.705872210923197940e+02
1.705872210923197940e+02
1.705872210923197940e+02
1.705872210923197940e+02
1.959591794226542447e+02
2.551470164434614674e+02
1.400000000000000000e+02
0.000000000000000000e+00
1.400000000000000000e+02
2.179449471770336686e+02
1.400000000000000000e+02
1.400000000000000000e+02
