-3.940999999999999659e+01
-1.476200000000000045e+02
-2.159799999999999898e+02
-2.338700000000000045e+02
-2.515900000000000034e+02
-2.481599999999999966e+02
-2.539699999999999989e+02
-2.656499999999999773e+02
-2.504499999999999886e+02
-2.632300000000000182e+02
-2.531200000000000045e+02
-2.414000000000000057e+02
-2.479600000000000080e+02
-2.414600000000000080e+02
-2.359600000000000080e+02
-2.166899999999999977e+02
-1.686399999999999864e+02
-1.930600000000000023e+02
-1.289199999999999875e+02
-9.484999999999999432e+01
1.071800000000000068e+02
3.729200000000000159e+02
5.069800000000000182e+02
5.651399999999999864e+02
6.494299999999999500e+02
8.194299999999999500e+02
9.794700000000000273e+02
1.035539999999999964e+03
1.184609999999999900e+03
1.276549999999999955e+03
1.280160000000000082e+03
1.408940000000000055e+03
1.566569999999999936e+03
1.546000000000000000e+03
1.631900000000000091e+03
1.656059999999999945e+03
1.681299999999999955e+03
1.643059999999999945e+03
1.716930000000000064e+03
1.702940000000000055e+03
1.738470000000000027e+03
1.789930000000000064e+03
1.785259999999999991e+03
1.749430000000000064e+03
1.773069999999999936e+03
1.781960000000000036e+03
1.776829999999999927e+03
1.774019999999999982e+03
1.754150000000000091e+03
1.827529999999999973e+03
1.796769999999999982e+03
1.820339999999999918e+03
1.856009999999999991e+03
1.821240000000000009e+03
1.787750000000000000e+03
1.880630000000000109e+03
1.859450000000000045e+03
1.869329999999999927e+03
1.857789999999999964e+03
1.829619999999999891e+03
1.863670000000000073e+03
1.843380000000000109e+03
1.871140000000000100e+03
1.867250000000000000e+03
1.887980000000000018e+03
1.870390000000000100e+03
1.881940000000000055e+03
1.867549999999999955e+03
1.869079999999999927e+03
1.890000000000000000e+03
1.890819999999999936e+03
1.890670000000000073e+03
1.878559999999999945e+03
1.868470000000000027e+03
1.889259999999999991e+03
1.878500000000000000e+03
1.876920000000000073e+03
1.849039999999999964e+03
1.883059999999999945e+03
1.859000000000000000e+03
1.912200000000000045e+03
1.867319999999999936e+03
1.886869999999999891e+03
1.894910000000000082e+03
1.884380000000000109e+03
1.902859999999999900e+03
1.907059999999999945e+03
1.870880000000000109e+03
1.868769999999999982e+03
1.880819999999999936e+03
1.854799999999999955e+03
1.884950000000000045e+03
1.897750000000000000e+03
1.902240000000000009e+03
1.911750000000000000e+03
1.866190000000000055e+03
1.875849999999999909e+03
1.866390000000000100e+03
1.859849999999999909e+03
1.877269999999999982e+03
1.880180000000000064e+03
1.881519999999999982e+03
1.858769999999999982e+03
1.897640000000000100e+03
1.903750000000000000e+03
1.900299999999999955e+03
1.860819999999999936e+03
1.878220000000000027e+03
1.879869999999999891e+03
1.907230000000000018e+03
1.882470000000000027e+03
1.863430000000000064e+03
1.894609999999999900e+03
1.872059999999999945e+03
1.852380000000000109e+03
1.860190000000000055e+03
1.866660000000000082e+03
1.879390000000000100e+03
1.878670000000000073e+03
1.892619999999999891e+03
1.884740000000000009e+03
