3.078281825954212536e+01
6.677556139786470624e+01
7.084758005747268328e+01
7.141241558720724925e+01
6.750053259049145993e+01
6.068537220780638819e+01
5.945796077902436139e+01
6.161953829752377487e+01
5.727152433801634857e+01
5.234746507711715680e+01
6.348705064814398469e+01
7.503799037820775197e+01
7.562842322830748287e+01
6.248494538686898636e+01
8.604881405341970435e+01
1.290267177758157402e+02
1.758060590537197641e+02
1.467935162055872240e+02
2.351994761898928914e+02
2.508712966841762864e+02
3.342776504644006081e+02
2.845604568452897638e+02
2.350931296316419434e+02
2.299121580082270953e+02
3.210771014881005385e+02
2.649797824363209884e+02
2.529509618483392899e+02
2.700212369425782413e+02
2.708766101013521848e+02
2.801603603295798166e+02
2.779813202357309478e+02
2.979746237517551322e+02
2.675204012781081246e+02
2.350630553702559098e+02
2.399959791329846439e+02
2.609650099151224936e+02
2.167860004705100891e+02
2.488030876014202590e+02
2.013140956316770200e+02
2.295972482413498312e+02
2.389423970332598799e+02
1.863550511791939641e+02
1.731280809112143970e+02
2.310534247744447498e+02
2.151784959051438477e+02
2.283107934373668684e+02
1.758940052986457090e+02
2.216734526279590227e+02
2.256896707871230774e+02
1.865900026796719828e+02
1.955185850501174230e+02
1.799212172035305173e+02
1.673323934568557831e+02
1.735078165386216824e+02
2.393561937782266682e+02
1.306482801264524767e+02
1.482209415028794410e+02
1.696587784348337209e+02
1.501076477065709014e+02
1.659061650451845082e+02
1.687253421984972590e+02
1.742634660506900275e+02
1.611729518250503475e+02
1.360538404456118258e+02
1.262482459284088492e+02
1.534448366677745241e+02
1.402885469309593987e+02
1.702036060135037303e+02
1.580054859807089258e+02
1.560314070948538188e+02
1.487989502651144278e+02
1.198142775298503580e+02
1.577821485466591014e+02
2.152065266203606484e+02
1.454225305789993286e+02
1.369471795985591029e+02
1.321097028987651640e+02
1.476880442012825938e+02
1.536635168151503592e+02
1.779870219987963083e+02
1.317057326011286307e+02
1.800752553795218205e+02
1.298345604991213236e+02
1.375872882936501469e+02
1.465313468169865700e+02
1.514894729015848327e+02
1.277383904705237683e+02
1.379905996798332524e+02
1.532791476359390401e+02
1.554878374664719445e+02
1.455085564494404764e+02
1.566738251910637416e+02
1.730206562812660138e+02
1.265022624303613128e+02
1.339599473723396272e+02
1.537540045006958280e+02
1.413484612579846953e+02
1.486721826704646219e+02
1.894676423561553804e+02
1.427759682159431236e+02
1.602232430079980645e+02
1.387994582121990845e+02
1.415236273560001905e+02
1.318361498224216177e+02
1.251220504147850079e+02
1.568161024895083813e+02
1.471475028670211600e+02
1.573532700645270950e+02
1.549928808042485286e+02
1.404489127761407872e+02
1.593247284636003940e+02
1.520238306976902720e+02
1.571171470591291097e+02
1.721613092422336422e+02
2.010081978427745639e+02
1.605533366205760046e+02
1.480765491224049129e+02
1.426584659247392892e+02
1.635797698372265074e+02
1.546671768669745859e+02
1.589020843160970173e+02
