2.143027884206015976e+00
2.011188676706689105e+00
2.084616191640110472e+00
2.131709204545370273e+00
2.164742428513165784e+00
2.176491921060576651e+00
2.183952040989443955e+00
2.182572536715110534e+00
2.162881341648405620e+00
2.144876578332574724e+00
2.107804828873326208e+00
2.063727550015564738e+00
2.026282101990793727e+00
1.968068534067620501e+00
1.900329267713819714e+00
1.831926079997734158e+00
1.756998550514100588e+00
1.682869375844616933e+00
1.602895725567031082e+00
1.548056522323342232e+00
1.477337005173300799e+00
1.419441507130138058e+00
1.358758241668009958e+00
1.300742542378363842e+00
1.255302057677168515e+00
1.224911743643252171e+00
1.193886972724817364e+00
1.174077511575548849e+00
1.154287766566329809e+00
1.143780085777729383e+00
1.135746245588370673e+00
1.129042502540024584e+00
1.118867468813504296e+00
1.112533115984920551e+00
1.108688543352437827e+00
1.099598298021938536e+00
1.098452096016610202e+00
1.094777279191595509e+00
1.090583559762068555e+00
1.085564892423585892e+00
1.081714396209166429e+00
1.080011252336873673e+00
1.074888826262123009e+00
1.070234418872056947e+00
1.067588382608304132e+00
1.065083393183299254e+00
1.063789558618791986e+00
1.063123061120216706e+00
1.062423024361381918e+00
1.061457617371581730e+00
1.059677710551838459e+00
1.057963078510973487e+00
1.056547108206540520e+00
1.051118018341209881e+00
1.052873501144781843e+00
1.051885049836845720e+00
1.048086752339125294e+00
1.045011502535265091e+00
1.039284949165786065e+00
1.039223456998081385e+00
1.035093726882619691e+00
1.037817639066627162e+00
1.037059866795841945e+00
1.039653767412860086e+00
1.032706771165807558e+00
1.033396363201768198e+00
1.031564356516173842e+00
1.030597306304777305e+00
1.017043858119862199e+00
1.013950699433025848e+00
1.008683764319642018e+00
1.002383689864229321e+00
1.005897915587230962e+00
1.001443923749686382e+00
1.003356329198626717e+00
9.955386615383838844e-01
9.894167888721048243e-01
9.795609276493382200e-01
9.844994340413444345e-01
1.012019324702585044e+00
1.028298361942252104e+00
9.818909283381641595e-01
9.822391479579992701e-01
9.788971533480965714e-01
9.750984330623828633e-01
9.766734922297798382e-01
9.718445964461681630e-01
9.698059675708352589e-01
9.667251570405395178e-01
9.653883267017592251e-01
9.639908321442663963e-01
9.640070943016150196e-01
9.585085017067933588e-01
9.534541941858807323e-01
9.502098459464728419e-01
9.447311688059133461e-01
9.449137505461070452e-01
9.461139410062336941e-01
9.491862594687995314e-01
9.477956338658797275e-01
9.456759262498097840e-01
9.434273869028890758e-01
9.361357760690662833e-01
9.371769252982344867e-01
9.365438217090593653e-01
9.302012949217396409e-01
9.285729843758320223e-01
9.264333510247708681e-01
9.251913720581236289e-01
9.221016519800951938e-01
9.174234175702553618e-01
9.181706186493068245e-01
9.166452533816294990e-01
9.124525719768213916e-01
9.086982745966504238e-01
9.075960379594890659e-01
9.069099934383058059e-01
9.067305628500018644e-01
9.022096168534127214e-01
9.016076071924656876e-01
9.015185047844188615e-01
